F_A 0.363799 0.313203 0.277533 0.24235 0.260252
F_B 0.321134 0.299891 0.315519 0.269172 0.258165 
F_C 0.287641 0.309442 0.264017 0.23103
F_D 0.200087 0.336534 0.337547 0.325379 0.335034 
F_E 0.306336 0.359459 0.249315 0.388073 
F_F 0.345694 0.338733 0.305404 0.294181 
I_A 0.257679 0.417313 0.290922 0.301826 0.292324 0.33887
I_B 0.179902 0.122071 0.348381 0.33887 0.228999
I_C 0.377297 0.296036 0.044523 0.262098 0.295087
R_A 10.363799 20.313203 10.277533 5.24235 3.26025
R_B 6.321134 0.299891 10.315519 0.269172 04.258165
R_C 10.287641 8.309442 20.264017 03.23103 04.178778
R_D 9.200087 10.336534 30.337547 03.325379 0.335034
R_E 2.306336 4.359459 0.249315 0.388073 04.296979
R_F 4.345694 06.338733 02.305404 02.294181 04.303477
R_G 3.257679 07.417313 03.290922 04.301826 03.292324
N_A -0.363799 -0.313203 -0.277533 0.24235 -0.260252
N_B 0.321134 -0.299891 -01.315519 -0.269172 -0.258165
N_C 0.287641 -0.309442 0.264017 -0.23103 0.178778