33
-159974.6577
-159983.4901
-159993.3902
-160004.2287
-160006.5428
-160006.6297
-160008.0292
-160010.4374
-160012.0947
-160016.1125
-160017.1219
-160026.2182
-160030.2093
-160035.6715
-160037.0754
-160044.4993
-160044.5831
-160049.9153
-160056.5387
-160074.6805
-160079.7373
-160080.9832
-160085.5578
-160093.5245
-160107.5047
-160125.5349
-160125.6215
-160125.729
-160127.9551
-160130.3285
-160132.6134
-160136.7954
-160147.68
33
-159974.6577
-159983.4901
-159993.3902
-160004.2287
-160006.5428
-160006.6297
-160008.0292
-160010.4374
-160012.0947
-160016.1125
-160017.1219
-160026.2182
-160030.2093
-160035.6715
-160037.0754
-160044.4993
-160044.5831
-160049.9153
-160056.5387
-160074.6805
-160079.7373
-160080.9832
-160085.5578
-160093.5245
-160107.5047
-160125.5349
-160125.6215
-160125.729
-160127.9551
-160130.3285
-160132.6134
-160136.7954
-160147.68
33
-159974.6577
-159983.4901
-159993.3902
-160004.2287
-160006.5428
-160006.6297
-160008.0292
-160010.4374
-160012.0947
-160016.1125
-160017.1219
-160026.2182
-160030.2093
-160035.6715
-160037.0754
-160044.4993
-160044.5831
-160049.9153
-160056.5387
-160074.6805
-160079.7373
-160080.9832
-160085.5578
-160093.5245
-160107.5047
-160125.5349
-160125.6215
-160125.729
-160127.9551
-160130.3285
-160132.6134
-160136.7954
-160147.68
33
-159974.6577
-159983.4901
-159993.3902
-160004.2287
-160006.5428
-160006.6297
-160008.0292
-160010.4374
-160012.0947
-160016.1125
-160017.1219
-160026.2182
-160030.2093
-160035.6715
-160037.0754
-160044.4993
-160044.5831
-160049.9153
-160056.5387
-160074.6805
-160079.7373
-160080.9832
-160085.5578
-160093.5245
-160107.5047
-160125.5349
-160125.6215
-160125.729
-160127.9551
-160130.3285
-160132.6134
-160136.7954
-160147.68
33
-159974.6577
-159983.4901
-159993.3902
-160004.2287
-160006.5428
-160006.6297
-160008.0292
-160010.4374
-160012.0947
-160016.1125
-160017.1219
-160026.2182
-160030.2093
-160035.6715
-160037.0754
-160044.4993
-160044.5831
-160049.9153
-160056.5387
-160074.6805
-160079.7373
-160080.9832
-160085.5578
-160093.5245
-160107.5047
-160125.5349
-160125.6215
-160125.729
-160127.9551
-160130.3285
-160132.6134
-160136.7954
-160147.68
33
-159974.6577
-159983.4901
-159993.3902
-160004.2287
-160006.5428
-160006.6297
-160008.0292
-160010.4374
-160012.0947
-160016.1125
-160017.1219
-160026.2182
-160030.2093
-160035.6715
-160037.0754
-160044.4993
-160044.5831
-160049.9153
-160056.5387
-160074.6805
-160079.7373
-160080.9832
-160085.5578
-160093.5245
-160107.5047
-160125.5349
-160125.6215
-160125.729
-160127.9551
-160130.3285
-160132.6134
-160136.7954
-160147.68
20
-158419.1403
-158430.6629
-158499.1273
-158557.7714
-158646.9236
-158750.3411
-158927.6207
-159001.3678
-159001.8888
-159039.1352
-159064.4526
-159072.9749
-159081.7039
-159093.1778
-159104.2164
-159166.2529
-159214.0882
-159216.9515
-159217.5096
-159268.2325
20
-157535.4748
-157552.5445
-157617.3194
-157619.9847
-157689.0015
-157714.8575
-158035.4764
-158036.9198
-158038.8592
-158071.6059
-158082.701
-158142.5658
-158184.2889
-158191.0127
-158192.5428
-158198.8143
-158198.9085
-158199.6458
-158201.9256
-158202.3411
15
-157469.8045
-157512.2187
-157610.6364
-157615.0285
-157693.679
-157696.985
-157709.4826
-157712.3696
-157714.3648
-157803.1335
-157817.0122
-157817.0145
-157819.4894
-157859.0635
-157867.2873
9
-157612.5646
-157665.7206
-157668.7255
-157772.5754
-157849.5774
-157868.0237
-157924.9575
-157928.7296
-157934.6008
6
-157319.4428
-157384.2664
-157386.212
-157421.2816
-157475.1654
-157634.8244
5
-157156.7111
-157184.0917
-157186.4802
-157254.7142
-157255.0076
5
-156991.62
-157066.7761
-157248.5141
-157300.5907
-157321.7101
2
-156991.62
-157066.776
4
-156938.3797
-156956.616
-156958.0878
-156966.3879
2
-156938.3797
-156956.6161
3
-156911.2479
-156912.0019
-156915.569
1
-156911.2479
2
-156890.4677
-156893.5977
1
-156890.4678
0
33
-159974.6577
-159983.4901
-159993.3902
-160004.2287
-160006.5428
-160006.6297
-160008.0292
-160010.4374
-160012.0947
-160016.1125
-160017.1219
-160026.2182
-160030.2093
-160035.6715
-160037.0754
-160044.4993
-160044.5831
-160049.9153
-160056.5387
-160074.6805
-160079.7373
-160080.9832
-160085.5578
-160093.5245
-160107.5047
-160125.5349
-160125.6215
-160125.729
-160127.9551
-160130.3285
-160132.6134
-160136.7954
-160147.68
21
-157499.3188
-157500.8538
-157501.3946
-157501.4504
-157501.8021
-157507.597
-157507.8993
-157509.5259
-157509.7881
-157510.1007
-157511.6365
-157512.7477
-157514.6108
-157514.6599
-157516.5536
-157517.1551
-157517.7213
-157518.1451
-157519.2982
-157519.8868
-157520.1177
15
-157093.6804
-157102.1232
-157103.5898
-157104.8906
-157106.0964
-157106.1128
-157108.7788
-157109.6687
-157111.0762
-157111.3982
-157111.4829
-157112.5715
-157112.7768
-157112.9883
-157113.7007
7
-156962.5065
-156963.982
-156967.7744
-156969.6315
-156970.5092
-156971.8748
-156972.2596
2
-156908.9031
-156915.0556
2
-156886.7561
-156887.0075
1
-156873.7441
0
31
-157631.8628
-157634.3619
-157636.0393
-157642.4645
-157646.6661
-157649.4665
-157650.6373
-157650.6591
-157650.6877
-157650.8485
-157650.9201
-157651.0028
-157652.9555
-157653.3206
-157653.7926
-157655.2072
-157656.1762
-157656.4305
-157656.4577
-157656.8094
-157657.1729
-157657.6723
-157657.7631
-157658.5333
-157658.8023
-157658.9635
-157659.111
-157659.2684
-157659.5053
-157660.4398
-157660.7301
14
-157211.4929
-157212.4806
-157214.5994
-157215.19
-157217.1493
-157219.122
-157219.5429
-157222.1091
-157222.3558
-157223.1762
-157223.5575
-157224.3201
-157224.7486
-157225.1462
8
-157052.6744
-157067.6176
-157068.3303
-157073.8965
-157074.4874
-157075.4456
-157076.1586
-157076.3331
6
-156985.9959
-156992.666
-156996.4228
-157000.2746
-157000.8259
-157001.3034
6
-156947.2815
-156947.8501
-156949.0637
-156956.6237
-156956.6507
-156956.8025
3
-156908.3721
-156915.2403
-156915.4287
2
-156897.7124
-156903.2792
1
-156895.6579
0
31
-157631.8628
-157634.3619
-157636.0393
-157642.4645
-157646.6661
-157649.4665
-157650.6373
-157650.6591
-157650.6877
-157650.8485
-157650.9201
-157651.0028
-157652.9555
-157653.3206
-157653.7926
-157655.2072
-157656.1762
-157656.4305
-157656.4577
-157656.8094
-157657.1729
-157657.6723
-157657.7631
-157658.5333
-157658.8023
-157658.9635
-157659.111
-157659.2684
-157659.5053
-157660.4398
-157660.7301
15
-157631.8629
-157634.3619
-157636.0393
-157642.4645
-157646.6665
-157649.4664
-157650.6373
-157650.6591
-157650.6877
-157650.8485
-157650.9202
-157651.0028
-157652.9555
-157653.3206
-157653.7926
22
-157392.7684
-157393.7225
-157394.2541
-157396.6791
-157398.3182
-157399.995
-157401.6386
-157401.9145
-157401.9208
-157402.5701
-157402.663
-157403.8405
-157403.8527
-157404.5311
-157407.6831
-157408.2714
-157412.2302
-157424.1812
-157425.1315
-157430.1916
-157431.1465
-157434.7822
11
-157392.7683
-157393.7224
-157394.254
-157396.679
-157398.3181
-157399.9949
-157401.6385
-157401.9144
-157401.9207
-157402.57
-157402.6629
18
-152518.3584
-157288.7
-157326.1895
-157329.2266
-157329.5188
-157331.7977
-157342.3504
-157343.1004
-157345.1161
-157345.4436
-157345.7617
-157346.1787
-157347.6438
-157347.7425
-157347.7805
-157349.4339
-157349.4376
-157349.7549
9
-152518.3584
-157288.7
-157326.1895
-157329.2266
-157329.5188
-157331.7977
-157342.3503
-157343.1003
-157345.116
14
-157211.8398
-157224.3463
-157224.3859
-157227.202
-157228.8787
-157230.0634
-157231.6708
-157231.7182
-157233.925
-157241.7217
-157243.0426
-157243.2376
-157245.3173
-157246.8736
7
-157211.8398
-157224.3463
-157224.3859
-157227.202
-157228.8788
-157230.0634
-157231.6708
13
-157169.2746
-157171.9758
-157176.993
-157178.095
-157178.1143
-157193.4495
-157197.1501
-157197.3189
-157199.7045
-157200.6136
-157201.6504
-157201.6991
-157202.8618
6
-157169.2747
-157171.9759
-157176.9931
-157178.095
-157178.1144
-157193.4495
9
-157156.9476
-157157.4191
-157158.8947
-157158.9443
-157159.3821
-157161.7479
-157162.6345
-157164.7746
-157164.9577
4
-157156.9476
-157157.4192
-157158.8947
-157158.9444
9
-157092.3827
-157098.0168
-157106.4071
-157106.8422
-157108.1616
-157108.9068
-157109.7447
-157110.5064
-157112.0465
4
-157092.3826
-157098.0168
-157106.4071
-157106.8422
7
-157041.8466
-157051.2644
-157051.5318
-157053.5455
-157054.0033
-157055.566
-157062.4681
3
-157041.8465
-157051.2643
-157051.5317
6
-157015.5456
-157017.2292
-157019.6214
-157023.3174
-157023.4322
-157023.765
3
-157015.5455
-157017.2291
-157019.6214
5
-157004.9412
-158030.3205
-158031.7626
-158032.3502
-158032.7335
2
-157004.9411
-158030.3205
1
-157004.9411
5
-156978.1164
-156983.9814
-156987.2201
-156988.4919
-156989.1017
2
-156978.1164
-156983.9813
1
-156978.1164
4
-156970.1385
-156973.6793
-156975.025
-156975.7218
2
-156970.1386
-156973.6793
1
-156970.1386
3
-156957.1831
-156963.2497
-156964.7142
1
-156957.1831
3
-156963.5535
-156965.2881
-156966.1674
1
-156963.5536
3
-156939.8487
-156953.1778
-156954.0791
1
-156939.8487
4
-156929.2664
-156929.6827
-156930.7952
-156931.7059
2
-156929.2664
-156929.6827
1
-156929.2664
3
-156918.9845
-156921.5577
-156922.4702
1
-156918.9845
0
3
-156915.555
-156916.4684
-156916.637
1
-156915.555
0
2
-156914.9752
-156915.1436
1
-156914.9752
1
-156913.2463
0
0
33
-159974.6577
-159983.4901
-159993.3902
-160004.2287
-160006.5428
-160006.6297
-160008.0292
-160010.4374
-160012.0947
-160016.1125
-160017.1219
-160026.2182
-160030.2093
-160035.6715
-160037.0754
-160044.4993
-160044.5831
-160049.9153
-160056.5387
-160074.6805
-160079.7373
-160080.9832
-160085.5578
-160093.5245
-160107.5047
-160125.5349
-160125.6215
-160125.729
-160127.9551
-160130.3285
-160132.6134
-160136.7954
-160147.68
20
-158419.1403
-158430.6629
-158499.1273
-158557.7714
-158646.9236
-158750.3411
-158927.6207
-159001.3678
-159001.8888
-159039.1352
-159064.4526
-159072.9749
-159081.7039
-159093.1778
-159104.2164
-159166.2529
-159214.0882
-159216.9515
-159217.5096
-159268.2325
20
-157535.4748
-157552.5445
-157617.3194
-157619.9847
-157689.0015
-157714.8575
-158035.4764
-158036.9198
-158038.8592
-158071.6059
-158082.701
-158142.5658
-158184.2889
-158191.0127
-158192.5428
-158198.8143
-158198.9085
-158199.6458
-158201.9256
-158202.3411
15
-157469.8045
-157512.2187
-157610.6364
-157615.0285
-157693.679
-157696.985
-157709.4826
-157712.3696
-157714.3648
-157803.1335
-157817.0122
-157817.0145
-157819.4894
-157859.0635
-157867.2873
9
-157612.5646
-157665.7206
-157668.7255
-157772.5754
-157849.5774
-157868.0237
-157924.9575
-157928.7296
-157934.6008
6
-157319.4428
-157384.2664
-157386.212
-157421.2816
-157475.1654
-157634.8244
5
-157156.7111
-157184.0917
-157186.4802
-157254.7142
-157255.0076
5
-156991.62
-157066.7761
-157248.5141
-157300.5907
-157321.7101
2
-156991.62
-157066.776
4
-156938.3797
-156956.616
-156958.0878
-156966.3879
2
-156938.3797
-156956.6161
3
-156911.2479
-156912.0019
-156915.569
1
-156911.2479
2
-156890.4677
-156893.5977
1
-156890.4678
0
